3096
8023
12084
14037
16077
19021
21077
24077
33039
37073
38082
38092
41033
41069
42012
42049
43074
45096
54082
55073
58060
62096
65033
66053
69015
69020
69040
76053
78004
85048
86000
86016
86068
87046
89072
97033
101085
101087
102061
103070
105025
106024
108005
108070
108082
109053
119082
123074
126007
130026
134035
143090
145086
147091
148026
148089
156065
157055
159008
160068
163085
167062
167083
170057
175032
175043
182053
189080
196073
197017
208001
210088
216081
219090
220075
223061
227092
229036
236037
241004
241048
253027
253055
260058
271035
285079
291000
295087
296007
296059
299086
300091
302008
304034
304074
306005
351093
361010
376043
385039
