2092
8049
8143
12003
12074
15004
15088
16052
20008
22013
22090
22093
23025
23080
23084
24004
24063
25098
26031
27059
28075
28096
33066
35008
35010
35058
35070
35091
41004
41025
42044
42078
43070
43083
45077
46076
48055
54005
55067
55075
56028
59078
60079
61060
61086
65010
65019
65074
65132
66039
66075
67079
68077
71046
76002
78019
80099
87065
90076
92059
94079
95006
97017
100075
100080
100098
103041
104022
105019
105053
106020
106025
108041
108073
109034
112082
113009
113016
113044
117054
118020
118035
122048
124084
126039
130034
134008
134052
135037
135069
138032
138078
140055
140075
144067
145014
145053
147021
147062
151087
153077
153093
155060
156079
157036
159029
159045
159091
161062
163014
163062
164074
166081
169012
170054
172032
173036
176019
176035
176039
178054
181018
181079
181091
183055
183087
187003
187029
187039
187071
187083
188005
188063
188091
189003
189011
196015
198004
198023
198054
202012
207056
209070
216041
216053
216066
225017
227040
227046
231015
232038
236017
238011
239007
239096
242078
245051
246016
246053
247085
249061
249087
253036
254033
254054
260081
268002
271008
271031
274007
277095
285036
286092
292066
293029
299091
301007
302003
309004
310007
311068
311081
314016
317080
323016
326038
353013
361084
365025
365073
368016
368078
370036
372047
374020
374067
376001
376020
385028
388016